id                n events rmean se(rmean) median 0.95LCL 0.95UCL
S11D31_a_HS   18     18   62.9      2.985   68.0      54      79
S11D31_a_LY   15     15   69.3      2.557   82.0      76      82
S11D31_a_STD  13     13   62.7      2.887   62.0      62      NA
S11D32_a_STD  24     23   73.2      0.353   80.0      76      83
S11D32_b_STD  17     17   68.2      2.401   71.0      71      81
S11D33_a_HS   21     20   52.6      4.059   57.0      43      71
S11D33_a_LY   11     11   67.8      5.347   79.0      75      NA
S11D33_a_STD  24     24   70.2      2.530   78.0      75      82
S11D33_b_LY   20     20   62.5      3.556   72.5      62      79
S13D37_a_HS   22     22   41.7      3.303   44.0      33      58
S13D37_a_LY   21     21   59.8      2.907   65.0      58      69
S13D37_a_STD  24     24   60.6      1.436   61.0      61      64
S13D37_b_HS   22     22   50.1      2.542   51.0      48      58
S13D37_b_LY   24     23   58.5      3.060   65.0      62      69
S13D37_b_STD  24     24   57.3      2.165   62.0      56      62
S13D38_a_LY   24     23   63.0      2.449   69.0      62      69
S13D38_a_STD  21     21   51.9      3.579   55.0      47      65
S13D38_b_LY   23     23   65.8      3.239   79.0      75      79
S13D38_b_STD  24     24   58.4      2.545   61.0      59      66
S13D39_a_HS   25     23   55.7      3.209   62.0      51      65
S13D39_a_LY   24     24   67.2      0.904   68.0      65      71
S13D39_a_STD  15     15   60.3      3.366   65.0      54      72
S13D39_b_HS   20     20   42.7      3.538   44.5      37      55
S13D39_b_LY   16     16   68.4      4.164   75.0      72      75
S13D39_b_STD  22     22   59.4      1.974   62.0      58      65
S17D49_a_HS   21     21   45.6      2.523   47.0      40      54
S17D49_a_LY   24     24   62.1      3.034   72.0      65      79
S17D49_a_STD  17     17   61.8      2.303   63.0      60      67
S17D49_b_HS   24     24   51.8      1.515   52.0      52      59
S17D49_b_LY   16     16   68.6      2.492   77.0      69      79
S17D49_b_STD  26     26   68.8      1.424   71.0      68      78
S17D50_a_HS   17     17   52.8      3.987   60.0      43      68
S17D50_a_LY   23     22   62.6      2.522   64.5      58      NA
S17D50_a_STD  24     24   61.7      4.113   72.5      65      76
S17D50_b_HS   22     22   54.0      3.323   59.0      48      69
S17D50_b_LY   23     23   64.0      2.667   72.0      62      76
S17D50_b_STD  15     15   58.1      4.169   65.0      58      69
S17D51_a_HS   18     18   51.1      3.429   55.5      40      64
S17D51_a_LY   23     23   62.7      3.286   70.0      62      NA
S17D51_a_STD  23     23   60.3      3.556   69.0      51      76
S17D51_b_STD  23     23   54.3      2.561   55.0      52      63
S19D55_a_HS   22     22   43.5      2.582   47.0      37      54
S19D55_a_LY   23     23   65.4      2.601   73.0      69      NA
S19D55_a_STD  21     21   53.8      3.625   59.0      45      69
S19D55_b_HS   16     15   47.3      1.696   49.0      42      56
S19D55_b_LY   19     19   67.6      3.443   75.0      75      79
S19D55_b_STD  21     21   51.2      4.037   54.0      43      68
S19D56_a_HS   19     18   43.9      4.013   42.5      37      62
S19D56_a_LY   18     18   71.7      1.543   75.0      74      NA
S19D56_a_STD  18     18   48.3      4.460   53.0      44      65
S19D56_b_HS   26     26   48.1      1.114   48.0      48      52
S19D56_b_LY   21     21   71.4      1.233   78.0      78      NA
S19D56_b_STD  20     20   54.0      3.379   60.0      55      62
S1D1_a_HS     14     14   43.3      3.126   41.0      36      60
S1D1_a_LY     17     17   55.8      3.056   63.0      50      67
S1D1_a_STD    19     19   48.8      2.678   51.0      44      61
S1D1_b_HS     24     24   40.8      2.330   40.0      36      47
S1D1_b_LY     24     24   51.6      2.015   52.0      43      61
S1D2_a_HS     17     17   35.2      2.964   36.0      26      50
S1D2_a_LY     17     17   61.4      3.305   65.0      64      71
S1D2_a_STD    19     19   69.4      1.711   74.0      71      NA
S1D2_b_HS     15     15   36.1      2.585   36.0      29      50
S1D2_b_LY     16     16   68.9      1.887   75.0      65      79
S1D2_b_STD    18     18   61.4      4.142   71.0      61      75
S1D3_a_HS     21     21   40.0      2.907   39.0      29      53
S1D3_a_LY     24     24   57.1      3.349   65.5      50      70
S1D3_a_STD    19     19   50.6      3.057   54.0      44      61
S1D3_b_HS     16     16   42.8      3.347   38.5      34      58
S1D3_b_LY     13     13   58.8      4.251   62.0      54      NA
S1D3_b_STD    23     23   58.7      2.491   64.0      61      64
S21D61_a_HS   22     22   50.7      2.301   53.5      51      58
S21D62_a_STD  16     16   54.1      2.625   56.0      51      NA
S21D63_a_HS   16     16   46.8      1.882   47.0      44      54
S21D63_a_LY   22     22   63.4      1.988   64.5      64      71
S21D63_a_STD  15     15   33.5      2.559   36.0      22      44
S21D63_b_STD  17     17   60.9      2.683   63.0      56      70
S23D67_a_LY   16     16   66.3      2.831   71.5      64      78
S23D67_a_STD  17     17   57.1      3.590   61.0      57      68
S23D67_b_HS   24     24   44.2      3.141   45.0      35      52
S23D67_b_STD  24     23   56.4      3.205   58.0      55      69
S23D68_a_HS   22     20   49.6      2.807   57.0      46      60
S23D68_a_LY   24     24   70.5      1.428   80.5      78      82
S23D68_a_STD  21     21   67.0      1.792   69.0      65      72
S23D68_b_HS   25     25   57.9      1.782   59.0      55      66
S23D68_b_LY   25     25   57.4      1.935   61.0      57      64
S23D68_b_STD  26     26   60.9      2.700   65.0      58      69
S23D69_a_HS   19     19   42.6      2.433   41.0      37      55
S23D69_a_LY   16     16   61.1      1.998   64.0      60      67
S23D69_a_STD  24     24   53.1      2.499   55.5      54      61
S23D69_b_HS   16     16   45.1      2.669   44.5      37      58
S23D69_b_LY   15     14   65.7      1.849   68.0      61      76
S23D69_b_STD  22     22   57.9      1.886   61.0      57      65
S25D73_a_HS   25     25   45.9      2.295   48.0      44      51
S25D73_a_LY   19     19   64.7      3.125   70.0      70      77
S25D73_a_STD  24     24   62.5      2.541   67.0      64      71
S25D73_b_STD  17     17   59.2      4.195   64.0      54      75
S25D75_a_HS   14     14   48.7      2.817   50.0      47      NA
S25D75_a_LY   18     18   54.2      3.859   61.0      44      NA
S25D75_a_STD  19     19   54.0      2.762   56.0      53      63
S25D75_b_HS   19     19   51.9      2.830   55.0      51      62
S25D75_b_LY   24     24   58.5      2.324   62.5      61      64
S27D79_a_HS   18     18   51.6      2.403   49.0      46      63
S27D79_a_LY   17     15   68.9      1.891   72.0      68      75
S27D79_a_STD  25     25   57.8      1.376   61.0      57      61
S27D79_b_HS   22     22   44.5      2.679   44.5      41      51
S27D79_b_LY   17     17   61.2      0.863   61.0      58      64
S27D79_b_STD  22     22   52.4      1.485   53.0      51      55
S27D80_a_HS   22     22   39.3      1.956   37.5      34      44
S27D80_a_LY   16     16   61.7      1.688   64.0      57      68
S27D80_a_STD  17     17   61.7      1.291   61.0      61      NA
S27D80_b_HS   16     16   42.6      2.650   39.5      36      53
S27D80_b_LY   26     26   60.1      2.640   65.0      62      66
S27D80_b_STD  25     25   59.4      1.223   58.0      57      64
S27D81_a_HS   23     23   45.0      2.429   50.0      36      57
S27D81_a_LY   19     19   56.4      4.141   64.0      60      70
S27D81_a_STD  17     17   55.6      2.179   53.0      53      64
S27D81_b_HS   21     21   33.9      2.279   33.0      30      44
S27D81_b_LY   17     17   55.8      3.611   61.0      57      64
S27D81_b_STD  15     15   45.1      3.059   48.0      34      55
S29D85_a_HS   22     22   39.9      3.639   44.0      33      54
S29D85_a_LY   20     19   53.0      2.829   54.0      47      65
S29D85_a_STD  23     23   59.2      3.443   68.0      61      72
S29D85_b_HS   17     17   38.8      2.837   41.0      38      45
S29D85_b_LY   25     25   67.1      1.754   71.0      65      82
S29D85_b_STD  16     16   56.1      2.664   61.0      51      64
S29D86_a_LY   16     16   68.4      1.397   71.0      68      71
S29D86_a_STD  19     19   63.4      2.335   62.0      62      76
S29D87_a_HS   23     23   49.0      2.936   48.0      41      65
S31D91_a_HS   21     21   57.8      2.472   63.0      53      67
S31D91_a_LY   18     18   66.8      3.820   74.0      71      75
S31D91_a_STD  25     25   67.0      1.711   72.0      68      72
S31D91_b_HS   24     24   43.5      2.611   45.0      41      51
S31D91_b_LY   19     19   66.8      3.670   76.0      73      80
S31D91_b_STD  25     25   65.5      2.653   71.0      65      75
S31D92_a_HS   20     20   48.0      3.224   46.0      43      60
S31D92_a_LY   19     19   67.4      3.007   72.0      72      75
S31D92_a_STD  14     13   53.5      4.425   62.0      47      NA
S31D92_b_HS   25     25   50.4      2.589   49.0      48      62
S31D92_b_LY   16     16   62.2      2.912   66.5      58      72
S31D92_b_STD  16     16   63.8      1.580   64.0      61      71
S31D93_a_HS   19     19   53.4      3.666   61.0      41      68
S31D93_a_LY   19     19   66.4      2.742   68.0      68      72
S31D93_a_STD  19     19   60.5      3.206   64.0      57      71
S31D93_b_HS   16     16   48.1      2.409   52.0      42      56
S31D93_b_LY   21     21   66.6      2.101   73.0      55      76
S31D93_b_STD  17     17   56.0      2.675   58.0      51      65
S33D97_a_HS   17     17   57.2      3.614   61.0      57      68
S33D97_a_LY   15     14   62.7      4.202   67.0      67      71
S33D97_a_STD  24     24   54.3      3.280   60.0      54      67
S33D97_b_LY   24     24   62.4      1.217   62.5      61      65
S33D97_b_STD  18     18   50.3      1.967   50.0      47      57
S33D98_a_HS   20     20   54.4      2.436   61.0      50      NA
S33D98_a_LY   22     22   66.5      1.488   68.0      64      74
S33D98_a_STD  25     25   64.9      2.519   68.0      68      75
S33D98_b_HS   24     24   51.0      1.763   52.0      51      58
S33D98_b_LY   17     17   58.8      2.714   65.0      61      65
S33D98_b_STD  17     17   66.3      1.272   65.0      64      71
S33D99_a_HS   15     15   68.7      2.639   71.0      71      78
S33D99_a_LY   24     24   70.5      0.963   72.0      72      72
S33D99_a_STD  22     22   56.6      3.130   62.0      55      65
S33D99_b_HS   17     17   53.2      2.983   55.0      44      66
S33D99_b_LY   27     27   69.1      1.475   72.0      68      72
S33D99_b_STD  17     17   62.8      1.363   65.0      62      65
S35D103_a_HS  25     25   40.8      2.883   37.0      34      55
S35D103_a_LY  23     22   68.1      2.613   79.0      72      79
S35D103_a_STD 18     18   59.2      3.115   63.0      58      68
S35D103_b_HS  16     16   30.4      2.357   31.5      29      40
S35D103_b_LY  15     14   58.5      3.593   65.0      54      72
S35D104_a_STD 18     18   58.4      3.341   64.0      57      68
S37D109_a_HS  17     16   55.9      2.860   56.5      50      68
S37D109_a_LY  16     16   68.4      1.507   71.0      64      NA
S37D109_a_STD 24     24   68.2      1.710   70.0      67      74
S37D109_b_HS  23     23   49.5      2.823   51.0      44      58
S37D109_b_LY  24     23   64.9      1.946   68.0      65      72
S37D109_b_STD 22     22   67.5      1.402   68.0      65      75
S37D110_a_LY  25     25   66.8      2.024   72.0      68      72
S37D110_a_STD 24     24   69.3      1.214   71.0      68      75
S37D110_b_HS  25     25   39.7      1.655   40.0      34      47
S37D111_a_HS  16     16   55.2      2.582   59.0      45      66
S37D111_a_LY  15     15   57.8      3.871   61.0      50      72
S39D115_a_STD 22     22   63.6      3.235   68.0      65      75
S3D7_a_HS     20     19   52.3      2.978   47.0      44      71
S3D7_a_LY     25     22   67.4      1.060   68.0      65      72
S3D7_a_STD    17     17   59.5      3.890   64.0      64      67
S3D7_b_LY     19     19   71.7      0.816   75.0      72      79
S3D7_b_STD    16     16   55.3      2.799   56.5      48      NA
S3D8_a_STD    16     16   54.4      3.768   59.5      51      NA
S3D9_a_HS     15     15   46.7      2.329   50.0      43      57
S3D9_a_LY     21     21   67.5      3.641   81.0      78      81
S3D9_a_STD    22     22   68.8      1.016   68.0      68      75
S3D9_b_HS     15     15   52.3      4.536   58.0      48      68
S3D9_b_LY     15     15   55.6      5.060   66.0      63      66
S3D9_b_STD    18     18   58.3      2.519   62.0      55      69
S41D121_a_HS  20     20   56.9      2.526   60.0      56      67
S41D121_a_LY  23     23   66.1      4.134   76.0      73      80
S41D121_a_STD 22     22   68.5      2.882   81.0      78      85
S41D121_b_HS  13     13   47.3      3.715   47.0      40      NA
S41D121_b_LY  22     22   73.1      0.844   83.0      83      NA
S41D121_b_STD 17     17   55.2      4.474   64.0      54      71
S41D122_a_HS  26     26   43.2      3.133   46.0      37      52
S41D122_a_LY  26     26   59.9      2.994   64.5      59      70
S41D122_a_STD 18     18   67.1      2.517   71.0      64      75
S41D122_b_HS  16     16   47.1      2.248   48.0      41      NA
S41D122_b_LY  24     24   62.8      1.391   65.0      62      68
S41D122_b_STD 17     17   67.1      1.628   69.0      65      76
S41D123_a_HS  19     19   44.4      2.822   47.0      40      57
S41D123_a_LY  23     23   65.4      2.370   73.0      62      76
S41D123_a_STD 13     13   52.1      5.810   61.0      54      NA
S41D123_b_HS  20     20   39.4      2.743   41.5      33      47
S41D123_b_LY  17     17   70.0      1.390   75.0      68      79
S41D123_b_STD 16     16   63.1      2.325   65.0      62      68
S45D133_a_HS  24     24   55.3      2.643   57.0      51      65
S45D133_a_LY  20     20   57.8      2.082   61.5      55      65
S45D133_a_STD 20     20   48.2      3.340   50.0      47      57
S45D134_a_HS  14     14   58.6      4.228   67.0      46      NA
S45D134_a_LY  20     20   54.7      2.047   54.0      51      61
S45D134_a_STD 24     23   64.1      2.772   67.5      66      76
S45D134_b_HS  24     24   53.2      2.327   49.5      48      62
S45D134_b_LY  20     20   67.5      1.687   69.5      68      71
S45D134_b_STD 24     24   67.0      2.074   68.0      68      72
S45D135_a_HS  23     22   51.4      1.732   51.5      48      58
S45D135_a_LY  20     20   56.6      4.487   68.0      54      68
S45D135_a_STD 18     18   50.8      4.291   59.5      37      NA
S45D135_b_HS  23     23   54.1      1.779   54.0      51      61
S45D135_b_STD 24     24   58.8      2.930   63.5      55      72
S47D139_a_HS  16     15   34.8      1.625   33.0      32      40
S47D139_a_LY  22     22   62.5      2.746   66.0      65      72
S47D139_a_STD 17     17   50.7      2.584   54.0      47      61
S47D139_b_HS  17     17   39.7      2.416   44.0      37      48
S47D139_b_LY  20     20   48.8      2.346   52.5      44      NA
S47D140_a_STD 13     13   62.8      1.913   64.0      60      NA
S47D140_b_LY  25     25   64.2      2.408   68.0      65      72
S47D140_b_STD 20     20   66.1      3.730   73.0      71      75
S47D141_a_HS  23     23   39.3      3.320   41.0      34      56
S47D141_a_LY  24     24   61.4      2.670   68.0      65      68
S47D141_a_STD 16     16   53.7      2.623   54.0      50      64
S47D141_b_LY  14     14   66.9      2.366   69.5      68      NA
S49D145_a_HS  20     20   57.0      3.618   61.0      47      75
S49D145_a_LY  25     25   65.5      3.057   78.0      68      82
S49D145_a_STD 15     15   64.0      3.424   68.0      65      NA
S49D145_b_HS  25     25   55.3      2.145   54.0      50      64
S49D145_b_LY  15     15   58.3      3.986   65.0      58      68
S49D145_b_STD 25     25   66.7      2.066   69.0      65      76
S49D146_a_HS  17     17   37.5      3.326   36.0      29      46
S49D146_a_LY  24     24   61.9      1.625   64.5      61      65
S49D146_a_STD 19     19   55.2      2.458   58.0      54      64
S49D146_b_HS  16     16   39.6      3.961   38.5      30      58
S49D146_b_LY  24     23   53.9      3.759   59.0      58      66
S49D146_b_STD 25     25   59.1      1.789   62.0      55      66
S49D147_a_HS  23     23   48.0      2.516   45.0      41      59
S49D147_a_LY  22     21   70.2      1.432   75.0      69      79
S49D147_a_STD 18     18   59.7      2.499   64.0      54      68
S49D147_b_HS  24     24   43.0      2.945   45.5      37      54
S49D147_b_LY  28     28   60.1      4.092   73.0      66      73
S49D147_b_STD 20     20   65.6      2.637   70.0      69      73
S53D157_a_HS  23     23   46.2      3.023   47.0      37      57
S53D157_a_LY  18     18   57.3      3.353   63.0      56      66
S53D157_a_STD 24     24   66.1      2.109   70.5      68      75
S53D157_b_HS  14     14   48.4      3.752   50.0      45      63
S53D157_b_LY  17     17   65.1      2.258   69.0      66      73
S53D157_b_STD 16     16   52.9      3.182   56.5      51      62
S53D158_a_HS  19     19   49.5      3.474   54.0      48      62
S53D158_a_LY  15     14   61.6      3.181   65.0      65      NA
S53D158_a_STD 17     17   61.2      4.369   69.0      65      83
S53D158_b_HS  18     18   51.7      2.460   49.5      45      62
S53D158_b_STD 23     23   65.7      2.971   73.0      66      80
S53D159_a_HS  20     20   44.5      2.358   45.5      37      54
S53D159_a_LY  19     19   70.7      1.717   79.0      76      83
S53D159_a_STD 25     25   70.7      2.489   82.0      79      85
S53D159_b_LY  20     20   68.7      1.204   70.5      66      73
S55D163_a_HS  16     16   38.6      2.962   34.5      29      54
S55D163_a_STD 16     16   68.4      4.216   79.5      74      NA
S55D163_b_HS  25     25   45.0      2.383   47.0      40      51
S55D163_b_LY  17     17   71.1      1.037   78.0      68      82
S55D163_b_STD 17     17   61.0      2.407   64.0      61      68
S55D164_a_HS  20     20   52.7      3.163   54.0      47      68
S55D164_a_LY  23     23   65.4      2.528   79.0      65      83
S55D164_a_STD 18     16   65.3      4.930   75.0      71      82
S55D164_b_HS  26     26   57.2      2.981   59.0      52      76
S55D164_b_LY  19     19   64.3      3.331   72.0      69      NA
S55D164_b_STD 25     25   55.5      3.059   62.0      48      69
S55D165_a_HS  17     17   44.6      2.875   45.0      37      58
S55D165_a_LY  15     15   53.5      4.257   64.0      47      NA
S55D165_a_STD 20     20   61.1      3.717   66.5      60      74
S55D165_b_HS  23     23   48.4      2.201   52.0      42      56
S55D165_b_LY  22     22   71.2      0.904   75.0      72      79
S55D165_b_STD 18     18   58.9      3.730   62.0      58      72
S57D169_a_HS  20     20   55.4      1.923   55.0      52      62
S57D169_a_LY  13     13   71.3      1.284   79.0      72      NA
S57D169_a_STD 24     24   70.0      1.167   75.0      68      82
S57D169_b_HS  15     15   60.3      2.840   58.0      51      76
S57D169_b_LY  19     19   70.6      3.279   83.0      83      NA
S57D169_b_STD 21     21   58.5      3.282   63.0      56      69
S57D170_a_HS  19     19   55.8      2.015   54.0      51      65
S57D170_a_LY  19     18   72.9      0.500   79.0      76      NA
S57D170_a_STD 23     23   49.3      2.930   51.0      48      59
S57D170_b_HS  18     18   60.8      3.016   62.5      55      73
S57D170_b_LY  21     21   70.8      1.173   76.0      73      NA
S57D170_b_STD 20     20   57.8      1.950   59.0      59      62
S57D171_a_HS  18     18   61.1      3.267   64.0      53      78
S57D171_a_LY  20     20   58.9      3.193   65.5      50      71
S57D171_a_STD 17     17   62.5      1.405   62.0      59      66
S57D171_b_HS  18     18   56.0      3.105   61.0      50      68
S57D171_b_LY  20     20   64.2      2.111   69.0      59      73
S57D171_b_STD 24     24   72.0      0.753   76.0      76      80
S59D175_a_HS  19     19   32.9      3.100   32.0      29      46
S59D175_a_LY  18     18   63.5      2.882   66.5      65      68
S59D175_a_STD 21     21   48.0      4.032   50.0      43      68
S59D175_b_LY  24     24   62.8      1.346   65.0      62      65
S59D175_b_STD 21     21   37.4      2.587   42.0      28      48
S59D176_a_HS  17     17   50.8      3.344   54.0      40      64
S59D176_a_LY  24     23   63.0      1.504   65.0      62      69
S59D176_a_STD 20     20   51.5      2.773   54.0      54      57
S59D176_b_HS  23     23   39.2      2.776   37.0      34      48
S59D176_b_LY  24     24   62.6      2.742   68.0      65      69
S59D176_b_STD 15     15   31.4      2.997   33.0      26      43
S59D177_a_HS  19     18   48.4      1.833   47.0      43      57
S59D177_a_LY  25     25   67.5      1.124   71.0      64      71
S59D177_a_STD 17     17   39.2      3.439   40.0      26      54
S59D177_b_HS  19     19   39.5      2.993   48.0      34      51
S59D177_b_LY  17     17   67.4      1.626   66.0      66      73
S59D177_b_STD 23     23   48.2      2.465   53.0      50      57
S5D13_a_HS    26     26   48.1      3.701   52.5      30      65
S5D13_a_LY    24     24   59.5      2.047   61.0      61      64
S5D13_a_STD   24     24   56.8      1.983   58.0      58      NA
S5D13_b_HS    18     18   48.6      2.503   51.5      49      56
S5D14_a_LY    14     13   66.5      2.296   71.0      61      NA
S5D14_a_STD   18     17   57.5      4.113   64.0      57      71
S5D14_b_STD   17     17   56.6      1.245   58.0      54      61
S5D15_a_HS    24     23   52.8      3.474   58.0      54      64
S5D15_a_LY    19     19   69.6      0.683   71.0      67      71
S5D15_a_STD   21     21   63.8      2.475   67.0      60      74
S5D15_b_HS    24     24   54.9      1.895   55.0      55      59
S5D15_b_LY    23     23   64.7      1.902   68.0      65      72
S5D15_b_STD   19     19   56.3      2.905   58.0      55      NA
S61D181_a_HS  21     21   47.0      2.732   47.0      44      54
S61D181_a_LY  19     19   71.8      0.983   78.0      75      79
S61D181_a_STD 21     21   65.0      3.237   71.0      67      74
S61D181_b_HS  23     23   41.9      2.527   48.0      34      51
S61D181_b_LY  23     23   68.7      1.943   75.0      71      78
S61D181_b_STD 18     18   61.4      2.777   68.0      61      68
S61D182_a_HS  17     17   50.2      2.413   51.0      47      57
S61D182_a_LY  24     24   72.8      1.224   82.0      79      82
S61D182_a_STD 17     17   72.0      1.042   75.0      75      82
S61D182_b_HS  23     23   48.2      1.687   48.0      44      55
S61D182_b_LY  23     19   65.8      3.521   73.0      70      76
S61D182_b_STD 24     24   72.0      0.908   78.0      75      82
S61D183_a_HS  25     25   51.8      2.199   51.0      50      58
S61D183_a_LY  17     17   70.9      1.644   85.0      78      85
S61D183_a_STD 19     19   68.9      2.261   75.0      75      82
S61D183_b_HS  18     18   47.9      3.000   47.0      40      58
S61D183_b_LY  16     16   63.3      2.113   62.5      58      71
S61D183_b_STD 23     23   57.1      2.365   58.0      58      65
S7D19_a_HS    25     25   43.4      2.813   37.0      37      55
S7D19_a_LY    21     20   62.0      3.986   73.5      62      79
S7D19_a_STD   24     24   51.5      2.772   55.5      54      61
S7D19_b_HS    21     21   46.6      2.657   48.0      44      55
S7D19_b_LY    17     17   68.2      0.708   68.0      68      71
S7D19_b_STD   25     25   57.0      1.315   59.0      56      59
S7D21_a_HS    21     21   53.8      2.845   55.0      48      65
S7D21_a_LY    24     23   58.7      3.312   59.0      52      76
S7D21_a_STD   21     21   65.1      2.804   72.0      64      75
S7D21_b_HS    20     20   50.2      2.551   49.5      44      62
S7D21_b_LY    19     19   67.6      1.824   72.0      65      79
S7D21_b_STD   22     22   56.2      4.084   65.0      51      72
S9D25_a_LY    16     16   53.8      3.038   58.0      51      62
S9D25_a_STD   29     29   57.8      1.556   61.0      58      62
S9D26_a_LY    15     15   63.4      1.028   64.0      64      NA
S9D26_a_STD   25     25   58.7      0.999   58.0      57      61
S9D27_a_HS    17     17   35.9      3.210   37.0      31      51
S9D27_a_LY    25     25   51.9      1.868   55.0      51      58
S9D27_a_STD   20     20   41.2      3.426   50.0      36      51
S9D27_b_LY    21     21   40.9      2.419   48.0      44      NA
S9D27_b_STD   22     22   41.2      1.534   44.0      41      48